[gd_scene load_steps=9 format=3 uid="uid://s3u24q2p6d41"]

[ext_resource type="PackedScene" uid="uid://bil54mu7qrjyw" path="res://scenes/x_650_drone.tscn" id="1_w2twt"]

[sub_resource type="BoxMesh" id="BoxMesh_w2twt"]

[sub_resource type="BoxShape3D" id="BoxShape3D_pw63i"]

[sub_resource type="ProceduralSkyMaterial" id="ProceduralSkyMaterial_w2twt"]
sky_top_color = Color(0.418506, 0.602388, 0.966747, 1)
energy_multiplier = 0.65

[sub_resource type="Sky" id="Sky_pw63i"]
sky_material = SubResource("ProceduralSkyMaterial_w2twt")

[sub_resource type="Environment" id="Environment_7ykc4"]
background_mode = 2
sky = SubResource("Sky_pw63i")
sky_custom_fov = 75.0

[sub_resource type="BoxMesh" id="BoxMesh_pw63i"]

[sub_resource type="BoxShape3D" id="BoxShape3D_7ykc4"]

[node name="MainScene" type="Node3D"]

[node name="ground" type="StaticBody3D" parent="."]

[node name="MeshInstance3D" type="MeshInstance3D" parent="ground"]
transform = Transform3D(50, 0, 0, 0, 1, 0, 0, 0, 50, 0, 0, 0)
mesh = SubResource("BoxMesh_w2twt")

[node name="CollisionShape3D" type="CollisionShape3D" parent="ground"]
transform = Transform3D(50, 0, 0, 0, 1, 0, 0, 0, 50, 0, 0, 0)
shape = SubResource("BoxShape3D_pw63i")

[node name="camera_handle" type="Node3D" parent="."]
transform = Transform3D(0.66262, 0, -0.748956, 0, 1, 0, 0.748956, 0, 0.66262, -1.417, 1.68, 1.189)

[node name="main_camera" type="Camera3D" parent="camera_handle"]
transform = Transform3D(1, 0, 0, 0, 0.932324, 0.361625, 0, -0.361625, 0.932324, 0, 0, 0)
rotation_order = 0
fov = 45.0

[node name="WorldEnvironment" type="WorldEnvironment" parent="."]
environment = SubResource("Environment_7ykc4")

[node name="DirectionalLight3D" type="DirectionalLight3D" parent="."]
transform = Transform3D(0.707107, -0.541675, 0.454519, 0, 0.642788, 0.766044, -0.707107, -0.541675, 0.454519, 0, 0, 0)
shadow_enabled = true

[node name="cube" type="Node3D" parent="."]

[node name="RigidBody3D" type="RigidBody3D" parent="cube"]
transform = Transform3D(1, 0, 0, 0, 1, 0, 0, 0, 1, 0.222579, 2.94369, 0.247059)
freeze = true

[node name="MeshInstance3D" type="MeshInstance3D" parent="cube/RigidBody3D"]
transform = Transform3D(0.2, 0, 0, 0, 0.2, 0, 0, 0, 0.2, 0, 0, 0)
mesh = SubResource("BoxMesh_pw63i")
skeleton = NodePath("../../..")

[node name="CollisionShape3D" type="CollisionShape3D" parent="cube/RigidBody3D"]
transform = Transform3D(0.2, 0, 0, 0, 0.2, 0, 0, 0, 0.2, 0, 0, 0)
shape = SubResource("BoxShape3D_7ykc4")

[node name="x650_drone" parent="." instance=ExtResource("1_w2twt")]
transform = Transform3D(1, 0, 0, 0, 1, 0, 0, 0, 1, 0, 1.33071, 0)
